10 10 10 10 8 8 8 8 10 10 10 10 8 8 8 8 5 5 8 8 10 10 8 8 10 10 10 10 8 8 8 8

10 10 10 25 11 11 12 12 10 27 10 9 9 9 23 22 0
8 8 8 7 9 9 10 10 10 27 10 7 7 7 39 30 0
6 6 10 10 9 9 9 0 6 6 10 10 9 9 9 0 6 6 10 10 9 9 46 8 8 8 45 0 0 

10 10 10 25 11 11 12 12 10 27 10 9 9 9 23 22 0
8 8 8 7 9 9 10 10 10 27 10 7 7 7 39 30 0
6 6 10 10 9 9 9 0 6 6 10 10 9 9 9 0 6 6 10 10 9 9 46 8 8 8 45 0 0

10 10 9 9 12 12 11 31 11 12 12 11 11 10 10 10 25 9 9 9 45 0
12 12 11 11 10 25 11 11 12 12 12 10 10 9 9 9 45 0 0
7 7 8 8 6 6 10 10 9 9 9 8 8 5 5 9 8 8 8 7 0
11 11 10 10 11 11 10 10 8 8 0
11 11 10 10 11 11 10 10 8 8 7 9 9 1 1 0 0 0

10 10 10 10 11 11 12 12 10 10 10 9 9 9 9 0
8 8 8 8 8 8 9 9 10 10 10 10 10 7 7 7 7 0 
6 6 10 10 9 9 0 0 5 7 7 8 8 0 11 11 10 10 11 11 10 10 8 8 0 0 9 9 46 46 45 45 0 0 8 8 45 45 0 0
